$ 3 0.000005 10.20027730826997 46 5 43 5e-11
w -256 2136 -104 2136 0
w -264 1448 -256 2136 0
w -264 1448 -112 1448 0
w -272 712 -264 1448 0
w -272 712 -128 712 0
w -280 72 -272 712 0
w -312 2008 -104 2008 0
w -320 1320 -312 2008 0
w -112 1320 -320 1320 0
w -320 584 -320 1320 0
w -320 584 -128 584 0
w -328 -104 -320 584 0
w -328 1896 -104 1896 0
w -336 1208 -328 1896 0
w -336 1208 -112 1208 0
w -336 472 -336 1208 0
w -1384 312 -1304 312 0
w -1544 928 -1376 928 0
w -1536 392 -1544 928 0
w -1528 912 -1376 912 0
w -1528 312 -1528 912 0
w -1512 896 -1376 896 0
w -1512 232 -1512 896 0
w -1496 880 -1376 880 0
w -1496 168 -1496 880 0
w -1480 864 -1376 864 0
w -1480 88 -1480 864 0
w -1464 832 -1376 832 0
w -1464 8 -1464 832 0
w -1448 816 -1376 816 0
w -1440 -72 -1448 816 0
w -1432 800 -1376 800 0
w -1424 -136 -1432 800 0
w -1408 784 -1376 784 0
w -1408 -216 -1408 784 0
w -1384 768 -1376 768 0
w -1384 -296 -1384 768 0
w -1536 392 -1384 392 0
w -1528 312 -1384 312 0
w -1536 312 -1528 312 0
w -1512 232 -1384 232 0
w -1536 232 -1512 232 0
w -1496 168 -1384 168 0
w -1536 168 -1496 168 0
w -1480 88 -1384 88 0
w -1536 88 -1480 88 0
w -1464 8 -1384 8 0
w -1536 8 -1464 8 0
w -1440 -72 -1384 -72 0
w -1536 -72 -1440 -72 0
w -1424 -136 -1384 -136 0
w -1408 -216 -1384 -216 0
w -1536 -216 -1408 -216 0
w -1536 -136 -1424 -136 0
w -1536 -296 -1384 -296 0
w -152 1824 -120 1824 0
w -152 968 -152 1824 0
w -488 968 -152 968 0
w -128 880 -128 1136 0
w -488 880 -128 880 0
w -144 744 -144 824 0
w -488 824 -144 824 0
w -184 760 -488 760 0
w -184 32 -184 760 0
w -744 976 -592 976 0
w -744 944 -744 976 0
w -744 960 -592 960 0
w -744 912 -744 960 0
150 -592 968 -488 968 1 2 0 5
w -632 888 -592 888 0
w -632 944 -632 888 0
w -744 872 -592 872 0
w -744 912 -744 872 0
150 -592 880 -488 880 1 2 0 5
w -744 936 -744 944 0
w -728 936 -744 936 0
w -728 832 -728 936 0
w -584 832 -728 832 0
w -656 816 -584 816 0
w -656 912 -656 816 0
150 -584 824 -488 824 1 2 0 5
w -656 944 -632 944 0
w -632 768 -632 944 0
w -600 768 -632 768 0
w -656 752 -656 912 0
w -600 752 -656 752 0
150 -600 760 -488 760 1 2 5 5
I -744 944 -656 944 0 0.5 5
I -744 912 -656 912 0 0.5 5
w -800 944 -744 944 0
w -800 912 -744 912 0
w -920 944 -896 944 0
w -920 808 -920 944 0
w -768 808 -920 808 0
w -768 880 -768 808 0
w -800 880 -768 880 0
164 -896 848 -792 848 0 4 0 0 0 0 false 0
w -1216 928 -1376 928 0
w -1376 912 -1216 912 0
w -1216 896 -1376 896 0
w -1376 880 -1216 880 0
w -1216 864 -1376 864 0
w -1376 832 -1216 832 0
w -1376 816 -1216 816 0
w -1216 800 -1376 800 0
w -1216 784 -1376 784 0
152 -1216 848 -896 848 0 10 0 5
w -1376 768 -1216 768 0
w -8 1792 64 1792 0
w -16 1104 56 1104 0
w -336 472 -128 472 0
w -344 -232 -336 472 0
w -344 1792 -104 1792 0
w -344 1104 -344 1792 0
w -344 1104 -112 1104 0
w -352 368 -344 1104 0
w -128 368 -352 368 0
w -360 -344 -352 368 0
w 64 2136 -8 2136 0
w 64 1968 64 2136 0
w 16 1936 64 1936 0
w 16 2008 16 1936 0
w -8 2008 16 2008 0
w -8 1896 64 1904 0
w 64 1792 64 1872 0
155 -104 2136 -8 2136 0 0
155 -104 2008 -8 2008 0 0
155 -104 1896 -8 1896 0 0
155 -104 1792 -8 1792 0 0
w 400 2064 192 2064 0
w 400 2000 400 2064 0
w 368 2032 368 2000 0
w 192 2032 368 2032 0
w 192 2000 336 2000 0
w 192 1968 272 1968 0
w 192 1936 272 1936 0
w 192 1904 272 1904 0
w 192 1872 272 1872 0
197 64 1872 128 1872 0
157 272 1872 288 1872 0 7 0 0
w -104 1824 -120 1824 0
w -120 1824 -120 1928 0
w -120 1928 -104 1928 0
w -120 1928 -120 2040 0
w -120 2040 -104 2040 0
w -120 2040 -120 2168 0
w -120 2168 -104 2168 0
w 56 1448 -16 1448 0
w 56 1280 56 1448 0
w 8 1248 56 1248 0
w 8 1320 8 1248 0
w -16 1320 8 1320 0
w -16 1208 56 1216 0
w 56 1104 56 1184 0
155 -112 1448 -16 1448 0 0
155 -112 1320 -16 1320 0 0
155 -112 1208 -16 1208 0 0
155 -112 1104 -16 1104 0 0
w 392 1376 184 1376 0
w 392 1312 392 1376 0
w 360 1344 360 1312 0
w 184 1344 360 1344 0
w 184 1312 328 1312 0
w 184 1280 264 1280 0
w 184 1248 264 1248 0
w 184 1216 264 1216 0
w 184 1184 264 1184 0
197 56 1184 120 1184 0
157 264 1184 280 1184 0 7 0 0
w -112 1136 -128 1136 0
w -128 1136 -128 1240 0
w -128 1240 -112 1240 0
w -128 1240 -128 1352 0
w -128 1352 -112 1352 0
w -128 1352 -128 1480 0
w -128 1480 -112 1480 0
w -144 744 -128 744 0
w -144 616 -144 744 0
w -144 616 -128 616 0
w -144 504 -144 616 0
w -144 504 -128 504 0
w -144 400 -144 504 0
w -128 400 -144 400 0
157 248 448 264 448 0 7 0 0
197 40 448 104 448 0
w 168 448 248 448 0
w 168 480 248 480 0
w 168 512 248 512 0
w 168 544 248 544 0
w 168 576 312 576 0
w 168 608 344 608 0
w 344 608 344 576 0
w 376 576 376 640 0
w 376 640 168 640 0
155 -128 368 -32 368 0 0
155 -128 472 -32 472 0 0
155 -128 584 -32 584 0 0
155 -128 712 -32 712 0 0
w -32 368 40 368 0
w 40 368 40 448 0
w -32 472 40 480 0
w -32 584 -8 584 0
w -8 584 -8 512 0
w -8 512 40 512 0
w 40 544 40 712 0
w 40 712 -32 712 0
w -184 -96 -184 32 0
w -184 -208 -184 -96 0
w -184 -312 -184 -208 0
w -16 0 -88 0 0
w -16 -168 -16 0 0
w -64 -200 -16 -200 0
w -64 -128 -64 -200 0
w -88 -128 -64 -128 0
w -88 -240 -16 -232 0
w -16 -344 -16 -264 0
w -88 -344 -16 -344 0
w -280 0 -280 72 0
w -184 0 -280 0 0
w -328 -104 -328 -128 0
w -184 -128 -328 -128 0
w -192 -232 -184 -240 0
w -344 -232 -192 -232 0
155 -184 0 -88 0 0 0
155 -184 -128 -88 -128 0 0
155 -184 -240 -88 -240 0 0
155 -184 -344 -88 -344 0 0
w -360 -344 -184 -344 0
w 320 -72 112 -72 0
w 320 -136 320 -72 0
w 288 -104 288 -136 0
w 112 -104 288 -104 0
w 112 -136 256 -136 0
w 112 -168 192 -168 0
w 112 -200 192 -200 0
w 112 -232 192 -232 0
w 112 -264 192 -264 0
197 -16 -264 48 -264 0
157 192 -264 208 -264 0 7 0 0
w -456 -104 -328 -104 0
w -632 104 -632 392 0
w -1240 392 -632 392 0
w -664 88 -632 88 0
w -664 264 -664 88 0
w -1240 264 -664 264 0
w -1240 232 -1240 264 0
w -1240 88 -1240 104 0
w -680 72 -632 72 0
w -680 104 -680 72 0
w -1240 104 -680 104 0
w -1240 56 -632 56 0
w -1240 -72 -1240 56 0
w -1240 40 -632 40 0
w -1240 -216 -1240 40 0
152 -632 72 -280 72 0 5 0 5
w -808 -120 -728 -120 0
w -808 -72 -808 -120 0
w -1240 -72 -808 -72 0
w -1240 -136 -728 -136 0
152 -904 -344 -360 -344 0 2 0 5
w -1384 168 -760 168 0
w -760 -88 -760 168 0
w -728 -88 -760 -88 0
w -728 -72 -728 232 0
w -1384 232 -728 232 0
152 -728 -104 -456 -104 0 4 0 5
w -1240 88 -936 88 0
w -936 -248 -936 88 0
w -888 -248 -936 -248 0
w -952 -264 -952 8 0
w -1240 8 -952 8 0
w -888 -264 -952 -264 0
w -1240 168 -920 168 0
w -920 -216 -920 168 0
w -888 -216 -920 -216 0
w -888 -200 -888 232 0
w -1240 232 -888 232 0
152 -888 -232 -344 -232 0 4 0 5
w -1320 -328 -904 -328 0
w -1320 392 -1320 -328 0
w -1240 392 -1320 392 0
w -1304 -360 -1304 312 0
w -904 -360 -1304 -360 0
w -1744 312 -1744 392 0
w -1744 232 -1744 312 0
w -1744 168 -1744 232 0
w -1744 88 -1744 168 0
w -1744 8 -1744 88 0
w -1744 -72 -1744 8 0
w -1744 -136 -1744 -72 0
w -1744 -216 -1744 -136 0
w -1744 -296 -1744 -216 0
w -1856 -424 -1744 -424 0
g -1856 -424 -1856 -360 0 0
v -1744 -424 -1744 -296 0 0 40 5 0 0 0.5
s -1744 392 -1536 392 0 1 true
s -1744 312 -1536 312 0 1 true
s -1744 8 -1536 8 0 1 true
s -1744 88 -1536 88 0 1 true
s -1744 168 -1536 168 0 1 true
s -1744 232 -1536 232 0 1 true
s -1744 -72 -1536 -72 0 1 true
s -1744 -136 -1536 -136 0 1 true
s -1744 -216 -1536 -216 0 1 true
s -1744 -296 -1536 -296 0 1 true
w -1384 392 -1240 392 0
w -1384 168 -1240 168 0
w -1384 232 -1240 232 0
w -1384 -72 -1240 -72 0
w -1384 8 -1240 8 0
w -1384 88 -1240 88 0
w -1384 -136 -1240 -136 0
w -1384 -216 -1240 -216 0
w 1760 -104 1904 -104 0
w 1760 -24 1904 -24 0
w 1760 200 1904 200 0
w 1760 120 1904 120 0
w 1760 40 1904 40 0
w 1760 344 1904 344 0
w 1760 280 1904 280 0
w 1760 504 1904 504 0
s 1400 -184 1608 -184 0 1 true
s 1400 -104 1608 -104 0 1 true
s 1400 -24 1608 -24 0 1 true
s 1400 40 1608 40 0 1 true
s 1400 344 1608 344 0 1 true
s 1400 280 1608 280 0 1 true
s 1400 200 1608 200 0 1 true
s 1400 120 1608 120 0 1 true
s 1400 424 1608 424 0 1 true
s 1400 504 1608 504 0 1 true
v 1400 -312 1400 -184 0 0 40 5 0 0 0.5
g 1288 -312 1288 -248 0 0
w 1288 -312 1400 -312 0
w 1400 -184 1400 -104 0
w 1400 -104 1400 -24 0
w 1400 -24 1400 40 0
w 1400 40 1400 120 0
w 1400 120 1400 200 0
w 1400 200 1400 280 0
w 1400 280 1400 344 0
w 1400 344 1400 424 0
w 1400 424 1400 504 0
w 2240 -248 1840 -248 0
w 1840 -248 1840 424 0
w 1904 504 1824 504 0
w 1824 504 1824 -216 0
w 1824 -216 2240 -216 0
152 2256 -120 2800 -120 0 4 0 5
w 1904 344 2256 344 0
w 2256 -88 2256 344 0
w 2256 -104 2224 -104 0
w 2224 -104 2224 280 0
w 1904 280 2224 280 0
w 2256 -152 2192 -152 0
w 1904 120 2192 120 0
w 2192 -152 2192 120 0
w 2256 -136 2208 -136 0
w 2208 -136 2208 200 0
w 1904 200 2208 200 0
152 2416 8 2688 8 0 4 0 5
w 1760 344 2416 344 0
w 2416 40 2416 344 0
w 2416 24 2384 24 0
w 2384 24 2384 280 0
w 1760 280 2384 280 0
152 2240 -232 2784 -232 0 2 0 5
w 1904 -24 2416 -24 0
w 1904 40 2336 40 0
w 2336 40 2336 -8 0
w 2336 -8 2416 -8 0
152 2512 184 2864 184 0 5 0 5
w 1904 -104 1904 152 0
w 1904 152 2512 152 0
w 1904 40 1904 168 0
w 1904 168 2512 168 0
w 1904 216 2464 216 0
w 2464 216 2464 184 0
w 2464 184 2512 184 0
w 1904 200 1904 216 0
w 1904 344 1904 376 0
w 1904 376 2480 376 0
w 2480 376 2480 200 0
w 2480 200 2512 200 0
w 1904 504 2512 504 0
w 2512 216 2512 504 0
w 2688 8 2816 8 0
157 3336 -152 3352 -152 0 7 0 0
197 3128 -152 3192 -152 0
w 3256 -152 3336 -152 0
w 3256 -120 3336 -120 0
w 3256 -88 3336 -88 0
w 3256 -56 3336 -56 0
w 3256 -24 3400 -24 0
w 3256 8 3432 8 0
w 3432 8 3432 -24 0
w 3464 -24 3464 40 0
w 3464 40 3256 40 0
w 2784 -232 2960 -232 0
155 2960 -232 3056 -232 0 0
155 2960 -128 3056 -128 0 0
155 2960 -16 3056 -16 0 0
155 2960 112 3056 112 0 0
w 2800 -120 2952 -120 0
w 2952 -120 2960 -128 0
w 2960 -16 2816 -16 0
w 2816 8 2816 -16 0
w 2960 112 2864 112 0
w 2864 112 2864 184 0
w 3056 -232 3128 -232 0
w 3128 -232 3128 -152 0
w 3056 -128 3128 -120 0
w 3056 -16 3080 -16 0
w 3080 -16 3080 -88 0
w 3080 -88 3128 -88 0
w 3128 -56 3128 112 0
w 3128 112 3056 112 0
w 2960 -200 2960 -96 0
w 2960 -96 2960 16 0
w 2960 16 2960 144 0
w 3184 824 3112 824 0
w 3184 656 3184 824 0
w 3136 624 3184 624 0
w 3136 696 3136 624 0
w 3112 696 3136 696 0
w 3112 584 3184 592 0
w 3184 480 3184 560 0
w 3112 480 3184 480 0
155 3016 824 3112 824 0 5
155 3016 696 3112 696 0 5
155 3016 584 3112 584 0 5
155 3016 480 3112 480 0 0
w 3520 752 3312 752 0
w 3520 688 3520 752 0
w 3488 720 3488 688 0
w 3312 720 3488 720 0
w 3312 688 3456 688 0
w 3312 656 3392 656 0
w 3312 624 3392 624 0
w 3312 592 3392 592 0
w 3312 560 3392 560 0
197 3184 560 3248 560 0
157 3392 560 3408 560 0 7 0 0
w 3016 512 3000 512 0
w 3000 512 3000 616 0
w 3000 616 3016 616 0
w 3000 616 3000 728 0
w 3000 728 3016 728 0
w 3000 728 3000 856 0
w 3000 856 3016 856 0
w 3016 1592 3032 1592 0
w 3016 1464 3016 1592 0
w 3016 1464 3032 1464 0
w 3016 1352 3016 1464 0
w 3016 1352 3032 1352 0
w 3016 1248 3016 1352 0
w 3032 1248 3016 1248 0
157 3408 1296 3424 1296 0 7 0 0
197 3200 1296 3264 1296 0
w 3328 1296 3408 1296 0
w 3328 1328 3408 1328 0
w 3328 1360 3408 1360 0
w 3328 1392 3408 1392 0
w 3328 1424 3472 1424 0
w 3328 1456 3504 1456 0
w 3504 1456 3504 1424 0
w 3536 1424 3536 1488 0
w 3536 1488 3328 1488 0
155 3032 1216 3128 1216 0 0
155 3032 1320 3128 1320 0 0
155 3032 1432 3128 1432 0 0
155 3032 1560 3128 1560 0 0
w 3200 1216 3200 1296 0
w 3128 1320 3200 1328 0
w 3128 1432 3152 1432 0
w 3152 1432 3152 1360 0
w 3152 1360 3200 1360 0
w 3200 1392 3200 1560 0
w 3200 1560 3128 1560 0
w 3024 2280 3040 2280 0
w 3024 2152 3024 2280 0
w 3024 2152 3040 2152 0
w 3024 2040 3024 2152 0
w 3024 2040 3040 2040 0
w 3024 1936 3024 2040 0
w 3040 1936 3024 1936 0
157 3416 1984 3432 1984 0 7 0 0
197 3208 1984 3272 1984 0
w 3336 1984 3416 1984 0
w 3336 2016 3416 2016 0
w 3336 2048 3416 2048 0
w 3336 2080 3416 2080 0
w 3336 2112 3480 2112 0
w 3336 2144 3512 2144 0
w 3512 2144 3512 2112 0
w 3544 2112 3544 2176 0
w 3544 2176 3336 2176 0
155 3040 1904 3136 1904 0 0
155 3040 2008 3136 2008 0 0
155 3040 2120 3136 2120 0 0
155 3040 2248 3136 2248 0 0
w 3208 1904 3208 1984 0
w 3136 2008 3208 2016 0
w 3136 2120 3160 2120 0
w 3160 2120 3160 2048 0
w 3160 2048 3208 2048 0
w 3208 2080 3208 2248 0
w 3208 2248 3136 2248 0
w 2784 -232 2792 480 0
w 3016 480 2792 480 0
w 2792 480 2800 1216 0
w 2800 1216 3032 1216 0
w 2800 1216 2800 1904 0
w 2800 1904 3040 1904 0
w 2800 -120 2808 584 0
w 2808 584 3016 584 0
w 3128 1216 3200 1216 0
w 3136 1904 3208 1904 0
w 1768 880 1928 880 0
152 1928 960 2248 960 0 10 0 5
w 1928 896 1768 896 0
w 1928 912 1768 912 0
w 1768 928 1928 928 0
w 1768 944 1928 944 0
w 1928 976 1768 976 0
w 1768 992 1928 992 0
w 1928 1008 1768 1008 0
w 1768 1024 1928 1024 0
w 1928 1040 1768 1040 0
164 2248 960 2352 960 0 4 0 0 0 5 false 0
w 2344 992 2376 992 0
w 2376 992 2376 920 0
w 2376 920 2224 920 0
w 2224 920 2224 1056 0
w 2224 1056 2248 1056 0
w 2344 1024 2400 1024 0
w 2344 1056 2400 1056 0
I 2400 1024 2488 1024 0 0.5 5
I 2400 1056 2488 1056 0 0.5 5
150 2544 872 2656 872 1 2 0 5
w 2544 864 2488 864 0
w 2488 864 2488 1024 0
w 2544 880 2512 880 0
w 2512 880 2512 1056 0
w 2488 1056 2512 1056 0
150 2560 936 2656 936 1 2 5 5
w 2488 1024 2488 928 0
w 2488 928 2560 928 0
w 2560 944 2416 944 0
w 2416 944 2416 1048 0
w 2416 1048 2400 1048 0
w 2400 1048 2400 1056 0
150 2552 992 2656 992 1 2 0 5
w 2400 1024 2400 984 0
w 2400 984 2552 984 0
w 2512 1056 2512 1000 0
w 2512 1000 2552 1000 0
150 2552 1080 2656 1080 1 2 0 5
w 2400 1024 2400 1072 0
w 2400 1072 2552 1072 0
w 2400 1056 2400 1088 0
w 2400 1088 2552 1088 0
w 2960 144 2960 872 0
w 2960 872 2656 872 0
w 2656 936 3000 936 0
w 3000 856 3000 936 0
w 2656 992 3016 992 0
w 3016 992 3016 1248 0
w 2656 1080 2992 1080 0
w 2992 1080 2992 1936 0
w 2992 1936 3024 1936 0
w 1608 -184 1760 -184 0
w 1608 -24 1720 -24 0
w 1608 -104 1736 -104 0
w 1736 -104 1760 -104 0
w 1720 -24 1760 -24 0
w 1608 40 1704 40 0
w 1704 40 1760 40 0
w 1608 120 1680 120 0
w 1680 120 1760 120 0
w 1608 200 1664 200 0
w 1664 200 1760 200 0
w 1608 280 1648 280 0
w 1648 280 1760 280 0
w 1608 344 1632 344 0
w 1632 344 1760 344 0
w 1608 424 1616 424 0
w 1616 424 1760 424 0
w 1608 504 1760 504 0
w 1760 -184 1760 880 0
w 1760 880 1768 880 0
w 1736 -104 1736 896 0
w 1736 896 1768 896 0
w 1720 -24 1712 912 0
w 1712 912 1768 912 0
w 1704 40 1696 928 0
w 1696 928 1768 928 0
w 1680 120 1680 944 0
w 1680 944 1768 944 0
w 1664 200 1664 976 0
w 1664 976 1768 976 0
w 1648 280 1648 992 0
w 1648 992 1768 992 0
w 1632 344 1632 1008 0
w 1632 1008 1768 1008 0
w 1616 424 1616 1024 0
w 1616 1024 1768 1024 0
w 1608 504 1600 1040 0
w 1600 1040 1768 1040 0
w 1760 424 1840 424 0
w 2808 584 2808 1320 0
w 2808 1320 3032 1320 0
w 2808 1320 2816 2008 0
w 2816 2008 3040 2008 0
w 2816 8 2824 696 0
w 2824 696 3016 696 0
w 2824 696 2824 1432 0
w 3032 1432 2824 1432 0
w 2824 1432 2832 2120 0
w 2832 2120 3040 2120 0
w 2864 184 2872 824 0
w 2872 824 3016 824 0
w 2872 824 2880 1560 0
w 2880 1560 3032 1560 0
w 2880 1560 2888 2248 0
w 2888 2248 3040 2248 0
w -16 -344 -16 -424 0
w -16 -424 568 -424 0
w 568 -424 568 -368 0
154 584 -368 584 -176 0 2 0 5
w -64 -256 -64 -456 0
w -64 -456 688 -456 0
w 688 -456 688 -376 0
154 704 -376 704 -184 0 2 0 5
w -64 -256 -88 -256 0
w -88 -256 -88 -240 0
w -64 -128 -64 -24 0
w -64 -24 784 -24 0
w 784 -24 792 -456 0
w 792 -456 824 -456 0
w 824 -456 824 -376 0
154 840 -376 840 -176 0 2 0 5
154 968 -368 968 -168 0 2 0 5
w -16 0 904 0 0
w 904 0 912 -456 0
w 912 -456 952 -456 0
w 952 -456 952 -368 0
w 3128 -232 3128 -400 0
w 600 -368 600 -424 0
w 600 -424 3128 -416 0
w 3128 -416 3128 -400 0
w 3056 -128 3056 -144 0
w 3056 -144 3096 -144 0
w 3096 -144 3096 -432 0
w 3096 -432 720 -432 0
w 720 -432 720 -376 0
w 3080 -88 3080 -392 0
w 3080 -392 856 -400 0
w 856 -400 856 -376 0
w 3128 112 3128 176 0
w 3128 176 3608 176 0
w 3608 176 3608 -320 0
w 3608 -320 1496 -320 0
w 984 -368 1496 -368 0
w 1496 -368 1496 -320 0
w 1560 344 1560 392 0
w 1048 344 1560 344 0
w 3672 392 1560 392 0
w 3672 888 3672 392 0
w 3192 888 3672 888 0
w 3192 824 3192 888 0
w 920 312 920 336 0
w 3144 320 920 312 0
w 3144 624 3144 320 0
w 784 280 784 336 0
w 3160 280 784 280 0
w 3160 568 3160 280 0
w 3192 296 3192 312 0
w 664 288 3192 296 0
w 664 344 664 288 0
w 3192 480 3192 312 0
w 1016 256 1016 344 0
w 976 256 1016 256 0
w 968 712 976 256 0
w 40 712 968 712 0
154 1032 344 1032 544 0 2 5 5
154 904 336 904 536 0 2 5 5
w 888 256 888 336 0
w 856 256 888 256 0
w 848 688 856 256 0
w 0 688 848 688 0
w 0 584 0 688 0
154 768 336 768 528 0 2 5 5
w 752 256 752 336 0
w 0 256 752 256 0
w 0 456 0 256 0
154 648 344 648 536 0 2 0 5
w 632 288 632 344 0
w 48 288 632 288 0
w 48 368 48 288 0
w 3144 696 3144 624 0
w 48 368 40 368 0
w -32 472 -32 456 0
w -32 456 0 456 0
w -8 584 0 584 0
w 3192 480 3184 480 0
w 3160 568 3112 568 0
w 3112 568 3112 584 0
w 3144 696 3136 696 0
w 3184 824 3192 824 0
w 1576 1080 1576 1128 0
w 1064 1080 1576 1080 0
w 3688 1128 1576 1128 0
w 3688 1624 3688 1128 0
w 3208 1624 3688 1624 0
w 3208 1560 3208 1624 0
w 936 1048 936 1072 0
w 3160 1056 936 1048 0
w 3160 1360 3160 1056 0
w 800 1016 800 1072 0
w 3176 1016 800 1016 0
w 3176 1304 3176 1016 0
w 3208 1032 3208 1048 0
w 680 1024 3208 1032 0
w 680 1080 680 1024 0
w 3208 1216 3208 1048 0
w 1032 992 1032 1080 0
w 992 992 1032 992 0
w 984 1448 992 992 0
w 64 1448 984 1448 0
154 1048 1080 1048 1280 0 2 0 5
154 920 1072 920 1272 0 2 0 5
w 904 992 904 1072 0
w 872 992 904 992 0
w 864 1424 872 992 0
w 16 1424 864 1424 0
w 16 1320 16 1424 0
154 784 1072 784 1264 0 2 0 5
w 768 992 768 1072 0
w 16 992 768 992 0
w 16 1192 16 992 0
154 664 1080 664 1272 0 2 0 5
w 648 1024 648 1080 0
w 64 1024 648 1024 0
w 64 1104 64 1024 0
w 3160 1432 3160 1360 0
w 64 1104 56 1104 0
w -16 1208 -16 1192 0
w -16 1192 16 1192 0
w 16 1320 8 1320 0
w 64 1448 56 1448 0
w 3208 1216 3200 1216 0
w 3176 1304 3128 1304 0
w 3128 1304 3128 1320 0
w 3152 1432 3160 1432 0
w 3208 1560 3200 1560 0
w 1584 1768 1584 1816 0
w 1072 1768 1584 1768 0
w 3696 1816 1584 1816 0
w 3696 2312 3696 1816 0
w 3216 2312 3696 2312 0
w 3216 2248 3216 2312 0
w 944 1736 944 1760 0
w 3168 1744 944 1736 0
w 3168 2048 3168 1744 0
w 808 1704 808 1760 0
w 3184 1704 808 1704 0
w 3184 1992 3184 1704 0
w 3216 1720 3216 1736 0
w 688 1712 3216 1720 0
w 688 1768 688 1712 0
w 3216 1904 3216 1736 0
w 1040 1680 1040 1768 0
w 1000 1680 1040 1680 0
w 992 2136 1000 1680 0
w 72 2136 992 2136 0
154 1056 1768 1056 1968 0 2 0 5
154 928 1760 928 1960 0 2 0 5
w 912 1680 912 1760 0
w 880 1680 912 1680 0
w 872 2112 880 1680 0
w 24 2112 872 2112 0
w 24 2008 24 2112 0
154 792 1760 792 1952 0 2 0 5
w 776 1680 776 1760 0
w 24 1680 776 1680 0
w 24 1880 24 1680 0
154 672 1768 672 1960 0 2 0 5
w 656 1712 656 1768 0
w 72 1712 656 1712 0
w 72 1792 72 1712 0
w 3168 2120 3168 2048 0
w 72 1792 64 1792 0
w 24 1880 -8 1880 0
w -8 1880 -8 1896 0
w 24 2008 16 2008 0
w 72 2136 64 2136 0
w 3216 1904 3208 1904 0
w 3184 1992 3136 1992 0
w 3136 1992 3136 2008 0
w 3160 2120 3168 2120 0
w 3208 2248 3216 2248 0
152 784 -80 784 136 0 4 0 5
w 584 -176 584 -80 0
w 584 -80 752 -80 0
w 704 -184 704 -112 0
w 704 -112 768 -112 0
w 768 -112 768 -80 0
w 840 -176 840 -112 0
w 840 -112 800 -112 0
w 800 -112 800 -80 0
w 968 -168 968 -80 0
w 968 -80 816 -80 0
w 1032 632 880 632 0
w 1032 544 1032 632 0
w 904 600 864 600 0
w 904 536 904 600 0
w 832 600 832 632 0
w 768 600 832 600 0
w 768 528 768 600 0
w 648 632 816 632 0
w 648 536 648 632 0
152 848 632 848 848 0 4 5 5
w 1048 1368 896 1368 0
w 1048 1280 1048 1368 0
w 920 1336 880 1336 0
w 920 1272 920 1336 0
w 848 1336 848 1368 0
w 784 1336 848 1336 0
w 784 1264 784 1336 0
w 664 1368 832 1368 0
w 664 1272 664 1368 0
152 864 1368 864 1584 0 4 0 5
w 1056 2056 904 2056 0
w 1056 1968 1056 2056 0
w 928 2024 888 2024 0
w 928 1960 928 2024 0
w 856 2024 856 2056 0
w 792 2024 856 2024 0
w 792 1952 792 2024 0
w 672 2056 840 2056 0
w 672 1960 672 2056 0
152 872 2056 872 2272 0 4 0 5
w 888 2024 888 2056 0
152 1136 2520 1600 2520 0 4 5 5
w 784 136 1184 136 0
w 1184 136 1184 2112 0
w 1184 2112 1184 2448 0
w 1184 2448 1136 2448 0
w 1136 2448 1136 2488 0
w 872 2272 872 2552 0
w 872 2552 1136 2552 0
w 864 1584 1088 1584 0
w 1088 1584 1096 2536 0
w 1096 2536 1136 2536 0
w 848 848 1144 848 0
w 1136 2504 1120 2504 0
w 1120 2504 1112 1320 0
w 1144 848 1144 952 0
w 1144 952 1112 952 0
w 1112 952 1112 1320 0
I 1600 2520 1736 2520 0 0.5 5
155 1736 2520 1792 2520 0 0
v 1656 2552 1688 2552 0 0 40 5 0 0 0.5
g 1656 2552 1656 2584 0 0
s 1688 2552 1736 2552 0 1 true
162 1832 2520 1904 2520 2 default-led 1 0 0 0.01
g 1904 2520 1936 2520 0 0
w 1832 2584 2024 2584 0
w 1736 2552 1736 2624 0
w 1736 2624 2040 2624 0
164 2232 2544 2376 2544 0 4 0 0 0 0 false 0
I 2328 2544 2496 2544 0 0.5 5
I 2328 2576 2496 2576 0 0.5 5
w 2520 2624 2664 2624 0
w 2664 2624 2664 2592 0
150 2496 2560 2688 2560 0 2 5 5
150 2328 2624 2520 2624 0 2 0 5
150 2688 2568 2784 2568 1 2 0 5
w 2664 2592 2664 2576 0
w 2664 2576 2688 2576 0
w 2328 2544 2328 2488 0
w 2328 2488 2792 2488 0
w 2328 2576 2328 2560 0
w 2328 2560 2352 2560 0
w 2352 2560 2352 2512 0
w 2352 2512 2792 2512 0
152 2792 2504 2912 2504 1 2 0 5
w 2792 2488 2792 2496 0
152 2912 2520 3096 2520 0 2 0 5
w 2912 2536 2784 2536 0
w 2784 2536 2784 2568 0
162 3096 2520 3200 2520 2 default-led 1 0 0 0.01
g 3200 2520 3200 2592 0 0
s 2160 2640 2232 2640 0 1 true
w 2160 2640 2160 2752 0
w 2160 2752 3096 2744 0
w 3096 2520 3096 2744 0
w 864 600 864 632 0
w 880 1336 880 1368 0
w 2024 2584 2024 2552 0
w 2040 2624 2040 2536 0
w 2024 2552 2024 2520 0
w 2024 2520 2064 2520 0
150 2064 2536 2200 2536 0 3 0 5
w 2040 2536 2064 2536 0
I 2064 2624 2064 2552 0 0.5 5
w 2160 2640 2064 2640 0
w 2064 2624 2064 2640 0
w 2200 2536 2232 2544 0
